2346242888
2346259371
2345501129
2345931264
2346451027
2346445318
2343873344
2346519133
2346526938
2346529075
2346533205
2346515425
2346527724
2346470725
2346446197
2346457025
2346528055
2346516828
2346534729
2346308360
2346304274
2346328060
2346517655
2345954929
2346478063
2346448969
2346510801
2346531145
2346538306
2346470134
2346378094
2346518718
2346124672
2346188564
2346191164
2346257200
2346443154
2346529312
2344798702
2346362330
2346366834
2346382479
2345934153
2346180883
2346006195
2346194470
2346377299
2346389059
2346375513
2346321706
2346246921
2346387603
2346381064
2341399556
2346302388
2346529424
2345408239
2345956731
2346367389
2346371602
2346454584
2346445958
2346476625
2346458446
2346525517
2346517925
2342685276
2344834223
2346378709
2346365942
2346476784
2346446101
2346447382
2346478662
2346510286
2343053472
2346457998
2346457258
2346478107
2346459571
2344732297
2346135215
2345733734
2346529705
2346528140
2346516752
2346528068
2346455411
2346448317
2346477284
2346511740
2346456422
2346475027
2346443349
2346471389
2346453556
2346510701
2346539261
2346536753
2346534032
