2346376881
2346383306
2346328938
2346383862
2346515435
2346533317
2346534611
2345934863
2346000861
2346118782
2346313525
2346366790
2346539291
2346537679
2346536033
2346522870
2346536030
2346518527
2346130246
2346054942
2346526317
2346528487
2346526494
2346534173
2346527951
2346525807
2345765340
2345871950
2345937022
2345951023
2345875458
2346186930
2343809719
2346261498
2345197580
2346375133
2346478391
2346520718
2346520023
2346449428
2346510052
2346529381
2346527682
2346473790
2346449460
2346537980
2346516516
2346533557
2346535569
2346513193
2346516536
2346383551
2346452888
2346010254
2345933146
2346126907
2346111858
2346205449
2346516581
2346528566
2346189806
2346304643
2346379799
2346365546
2346439849
2346513472
2346529067
2346517499
2346389424
2346377519
2346443487
2346448817
2346201664
2346120970
2346185858
2346518236
2346316721
2346132996
2346055514
2346474763
2346476984
2346531073
2346516278
2346524334
2346516224
2346524725
2345954987
2345941502
2346516198
2346589740
2343078479
2342621009
2346537099
2346539464
2346525964
2346538231
2346306586
2346310685
2346316452
2346380902
2346265120
2346329378
2346374272
2345396641
2346446715
2346477888
2346479304
2346459197
2346209623
2346475646
2346447047
2346458527
2346459389
2346509990
2346520712
2346536961
2346203312
2346261566
2346195681
2346180981
2346445971
2344725021
2346525533
2346512571
2346325802
2346301470
2346308980
2346382994
2345381061
2345730865
2345757806
2345870932
2346517517
2346535475
2346527718
2346569982
2346527335
2346539405
2346441339
2346374991
2346443806
2346511876
2346512877
2346384770
2345033530
2345181414
2346310658
2346518906
2346536564
2346525406
2346527247
2345764494
2346441375
2346510683
2346519962
2346511793
2346538372
2346536321
2346538285
2344720026
2344788674
2344897761
2344894273
2346124168
2344024676
2346385632
2346452358
2346369115
2346472576
2346474457
2346475422
2346457492
2346531894
2346535665
2346537369
2346207349
2346376040
2346264951
2346360785
2346450164
2346386248
2344010156
2346518213
2346139612
2346250522
2346206016
2346453006
2346450991
2345314577
2346441746
2346379522
2346471436
2346443602
2346441551
2346446620
2346458829
2346458416
2346478480
2345052880
2345505743
2346536172
2346518527
2346536030
2346514406
2346474781
2346303465
2346516225
2346469743
2346539127
2346258814
2346241894
2345402908
2346122766
2346255529
2346316295
2346382123
2346453127
2346368616
2346441172
2346539517
2344838161
2345886322
2346440523
2346457370
2346511965
2346538793
2346536508
2346529236
2346536972
2346535009
2346459065
2346384401
2346328273
2346385463
2346057036
2346130742
2346443345
2345409286
2346525966
2346537036
2346535619
2346537328
2346244106
2346208263
2346455257
2346473621
2346446603
2346475105
2346446517
2346538122
2346536439
2346450822
2346377199
2346443277
2344836263
2346058034
2346073800
2345998087
2346510941
2346516263
2346537729
2346539307
2346536325
2346519014
2346526843
2346538725
2346367710
2346531385
2346529690
2346372804
2345318603
2346368867
2346474491
2346512716
2346201161
2346253672
2345945627
2345940587
2346265003
2346371608
2346302094
2345890046
2345952401
2345958025
2346133494
2346066586
2345994531
2346306490
2346364474
2346474378
2346455921
2346444753
2346471978
2346476284
2346457746
2346448399
2346329347
2346476946
2346456502
2346445548
2346446302
2346445318
2346517790
2346514716
2346535803
2346510463
2346518008
2346526374
2346539316
2346445035
2346478225
2346479412
2346538480
2346536332
2346518752
2346526781
2346528536
2346534363
2346528319
2346526611
2346515538
2346533230
2346512342
2346533319
2346524839
2346518475
2346247401
2346301624
2346191259
2346115178
2346443201
2346441007
2346515633
2346518898
2345952393
2346114413
2346448693
2346532820
2346527350
2346534952
2346470301
2346452827
2346535226
2346527154
2346514107
2346522384
2346529702
2346533382
2346528643
2346517322
2346538723
2346535562
2346527778
2346526334
2346377667
2346470288
2346472545
2346367440
2346452308
2346440449
2346370717
2346385779
2346382250
2346374922
2346469761
2346455963
2346458796
2346448313
2346519230
2346316702
2346299959
2346309218
2346378444
2346475749
2346445034
2346453212
2346476312
2346455615
2346446766
2346364753
2346378376
2346384685
2346537814
2346516302
2346016702
2346518013
2346457933
2346477217
2346475536
2344553894
2346361278
2344710389
2344647091
2344654342
2344990635
2345036897
2345043271
2346251985
2346313635
2346383836
2346475814
2346447891
2346528692
2346536612
2346518898
2346525938
2346514660
2346511209
2346328606
2345958365
2345953638
2346196016
2346312361
2346307356
2346265087
2346516641
2346527994
2346445035
2346446302
2346474278
2346368430
2346365098
2346313838
2346268327
2346470600
2346444288
2346476867
2346475788
2346458185
2346447718
2346478661
2346525517
2346517621
2345734439
2346443345
2346440871
2346569903
2346528140
2346523575
2346526440
2346537551
2346529617
2346376875
2346441168
2346520393
2346513359
2346515677
2346536529
2346519232
2343062977
2346262800
2346328693
2346471718
2344848158
2346527440
2346539088
2345126850
2345112383
2346195319
2346200350
2346535010
2346526816
2346519124
2346527371
2346528919
2345931715
2346063877
2346515346
2346527631
2346519616
2346537204
2346538778
2346383551
2346452888
2346448069
2346449426
2346511467
2346200060
2346454104
2346455991
2346476522
2346474637
2344724120
2345898483
2346523530
2346537507
2346536074
2346525040
2346518184
2346516516
2346537980
2346535922
2346187158
2346321800
2345309075
2346268418
2346006310
2346459472
2346458846
2346536825
2346458275
2346520630
2346519208
2346536482
2346387024
2346455843
2346444502
2346521431
2346520159
2346519141
2346535721
2346537723
2346515485
2346539061
2346248027
2346450894
2346454363
2346471896
2346517152
2346518582
2346123692
2346069280
2346135215
2346262206
2346457998
2346479538
2346529332
2346517479
2346515805
2346527728
2345300022
2346524189
2346518008
2346525011
2346538714
2346517790
2346516042
2345997147
2346539243
2346312460
2346365843
2346458390
2346457522
2346476486
2346528380
2346526920
2346524272
2346528202
2346381115
2346378028
2346475999
2346511437
2344991421
2346474215
2346458472
2346447894
2346526374
2346514809
2346519702
2346535773
2346518670
2346516765
2344894161
2345107711
2346188179
2346479018
2346529566
2346527009
2346515621
2346518427
2346533624
2346515585
2346569738
2344851427
2346471053
2346363805
2346469743
2346445314
2346453417
2346476814
2346449354
2346522630
2345739496
2346518573
2346531543
2346530371
2346525225
2346518630
2346189718
2346182908
2346509792
2346513291
2346534332
2346526003
2344161483
2344095259
2346516488
2346524270
2346536028
2346518912
2346242888
2346259371
2345501129
2345931264
2346451027
2346445318
2343873344
2346519133
2346526938
2346529075
2346533205
2346515425
2346527724
2346470725
2346446197
2346457025
2346528055
2346516828
2346534729
2346308360
2346304274
2346328060
2346517655
2345954929
2346478063
2346448969
2346510801
2346531145
2346538306
2346470134
2346378094
2346518718
2346124672
2346188564
2346191164
2346257200
2346443154
2346529312
2344798702
2346362330
2346366834
2346382479
2345934153
2346180883
2346006195
2346194470
2346377299
2346389059
2346375513
2346321706
2346246921
2346387603
2346381064
2341399556
2346302388
2346529424
2345408239
2345956731
2346367389
2346371602
2346454584
2346445958
2346476625
2346458446
2346525517
2346517925
2342685276
2344834223
2346378709
2346365942
2346476784
2346446101
2346447382
2346478662
2346510286
2343053472
2346457998
2346457258
2346478107
2346459571
2344732297
2346135215
2345733734
2346529705
2346528140
2346516752
2346528068
2346455411
2346448317
2346477284
2346511740
2346456422
2346475027
2346443349
2346471389
2346453556
2346510701
2346539261
2346536753
2346534032
