2346376881
2346383306
2346328938
2346383862
2346515435
2346533317
2346534611
2345934863
2346000861
2346118782
2346313525
2346366790
2346539291
2346537679
2346536033
2346522870
2346536030
2346518527
2346130246
2346054942
2346526317
2346528487
2346526494
2346534173
2346527951
2346525807
2345765340
2345871950
2345937022
2345951023
2345875458
2346186930
2343809719
2346261498
2345197580
2346375133
2346478391
2346520718
2346520023
2346449428
2346510052
2346529381
2346527682
2346473790
2346449460
2346537980
2346516516
2346533557
2346535569
2346513193
2346516536
2346383551
2346452888
2346010254
2345933146
2346126907
2346111858
2346205449
2346516581
2346528566
2346189806
2346304643
2346379799
2346365546
2346439849
2346513472
2346529067
2346517499
2346389424
2346377519
2346443487
2346448817
2346201664
2346120970
2346185858
2346518236
2346316721
2346132996
2346055514
2346474763
2346476984
2346531073
2346516278
2346524334
2346516224
2346524725
2345954987
2345941502
2346516198
2346589740
2343078479
2342621009
2346537099
2346539464
2346525964
2346538231
2346306586
2346310685
2346316452
2346380902
