2346446302
2346445318
2346517790
2346514716
2346535803
2346510463
2346518008
2346526374
2346539316
2346445035
2346478225
2346479412
2346538480
2346536332
2346518752
2346526781
2346528536
2346534363
2346528319
2346526611
2346515538
2346533230
2346512342
2346533319
2346524839
2346518475
2346247401
2346301624
2346191259
2346115178
2346443201
2346441007
2346515633
2346518898
2345952393
2346114413
2346448693
2346532820
2346527350
2346534952
2346470301
2346452827
2346535226
2346527154
2346514107
2346522384
2346529702
2346533382
2346528643
2346517322
2346538723
2346535562
2346527778
2346526334
2346377667
2346470288
2346472545
2346367440
2346452308
2346440449
2346370717
2346385779
2346382250
2346374922
2346469761
2346455963
2346458796
2346448313
2346519230
2346316702
2346299959
2346309218
2346378444
2346475749
2346445034
2346453212
2346476312
2346455615
2346446766
2346364753
2346378376
2346384685
2346537814
2346516302
2346016702
2346518013
2346457933
2346477217
2346475536
2344553894
2346361278
2344710389
2344647091
2344654342
2344990635
2345036897
2345043271
2346251985
2346313635
2346383836
