2346475814
2346447891
2346528692
2346536612
2346518898
2346525938
2346514660
2346511209
2346328606
2345958365
2345953638
2346196016
2346312361
2346307356
2346265087
2346516641
2346527994
2346445035
2346446302
2346474278
2346368430
2346365098
2346313838
2346268327
2346470600
2346444288
2346476867
2346475788
2346458185
2346447718
2346478661
2346525517
2346517621
2345734439
2346443345
2346440871
2346569903
2346528140
2346523575
2346526440
2346537551
2346529617
2346376875
2346441168
2346520393
2346513359
2346515677
2346536529
2346519232
2343062977
2346262800
2346328693
2346471718
2344848158
2346527440
2346539088
2345126850
2345112383
2346195319
2346200350
2346535010
2346526816
2346519124
2346527371
2346528919
2345931715
2346063877
2346515346
2346527631
2346519616
2346537204
2346538778
2346383551
2346452888
2346448069
2346449426
2346511467
2346200060
2346454104
2346455991
2346476522
2346474637
2344724120
2345898483
2346523530
2346537507
2346536074
2346525040
2346518184
2346516516
2346537980
2346535922
2346187158
2346321800
2345309075
2346268418
2346006310
2346459472
2346458846
2346536825