2346265120
2346329378
2346374272
2345396641
2346446715
2346477888
2346479304
2346459197
2346209623
2346475646
2346447047
2346458527
2346459389
2346509990
2346520712
2346536961
2346203312
2346261566
2346195681
2346180981
2346445971
2344725021
2346525533
2346512571
2346325802
2346301470
2346308980
2346382994
2345381061
2345730865
2345757806
2345870932
2346517517
2346535475
2346527718
2346569982
2346527335
2346539405
2346441339
2346374991
2346443806
2346511876
2346512877
2346384770
2345033530
2345181414
2346310658
2346518906
2346536564
2346525406
2346527247
2345764494
2346441375
2346510683
2346519962
2346511793
2346538372
2346536321
2346538285
2344720026
2344788674
2344897761
2344894273
2346124168
2344024676
2346385632
2346452358
2346369115
2346472576
2346474457
2346475422
2346457492
2346531894
2346535665
2346537369
2346207349
2346376040
2346264951
2346360785
2346450164
2346386248
2344010156
2346518213
2346139612
2346250522
2346206016
2346453006
2346450991
2345314577
2346441746
2346379522
2346471436
2346443602
2346441551
2346446620
2346458829
2346458416
2346478480
2345052880
2345505743
