2346536172
2346518527
2346536030
2346514406
2346474781
2346303465
2346516225
2346469743
2346539127
2346258814
2346241894
2345402908
2346122766
2346255529
2346316295
2346382123
2346453127
2346368616
2346441172
2346539517
2344838161
2345886322
2346440523
2346457370
2346511965
2346538793
2346536508
2346529236
2346536972
2346535009
2346459065
2346384401
2346328273
2346385463
2346057036
2346130742
2346443345
2345409286
2346525966
2346537036
2346535619
2346537328
2346244106
2346208263
2346455257
2346473621
2346446603
2346475105
2346446517
2346538122
2346536439
2346450822
2346377199
2346443277
2344836263
2346058034
2346073800
2345998087
2346510941
2346516263
2346537729
2346539307
2346536325
2346519014
2346526843
2346538725
2346367710
2346531385
2346529690
2346372804
2345318603
2346368867
2346474491
2346512716
2346201161
2346253672
2345945627
2345940587
2346265003
2346371608
2346302094
2345890046
2345952401
2345958025
2346133494
2346066586
2345994531
2346306490
2346364474
2346474378
2346455921
2346444753
2346471978
2346476284
2346457746
2346448399
2346329347
2346476946
2346456502
2346445548
