2346458275
2346520630
2346519208
2346536482
2346387024
2346455843
2346444502
2346521431
2346520159
2346519141
2346535721
2346537723
2346515485
2346539061
2346248027
2346450894
2346454363
2346471896
2346517152
2346518582
2346123692
2346069280
2346135215
2346262206
2346457998
2346479538
2346529332
2346517479
2346515805
2346527728
2345300022
2346524189
2346518008
2346525011
2346538714
2346517790
2346516042
2345997147
2346539243
2346312460
2346365843
2346458390
2346457522
2346476486
2346528380
2346526920
2346524272
2346528202
2346381115
2346378028
2346475999
2346511437
2344991421
2346474215
2346458472
2346447894
2346526374
2346514809
2346519702
2346535773
2346518670
2346516765
2344894161
2345107711
2346188179
2346479018
2346529566
2346527009
2346515621
2346518427
2346533624
2346515585
2346569738
2344851427
2346471053
2346363805
2346469743
2346445314
2346453417
2346476814
2346449354
2346522630
2345739496
2346518573
2346531543
2346530371
2346525225
2346518630
2346189718
2346182908
2346509792
2346513291
2346534332
2346526003
2344161483
2344095259
2346516488
2346524270
2346536028
2346518912
